2760 3063 2175 2427 3971 4909 3003 2435 1909 3112
2124 2649 1947 1929 2431 4171 3920 2453 1507 2068
1650 2040 1396 2313 3105 3967 1496 2132 1998 2426
1581 1895 1545 1147 2115 3813 2987 1866 927 1506
1373 1839 571 1223 2467 4238 1604 689 1008 1642
756 552 1239 3404 2065 710 -169 1154 1028 1217
1083 785 806 -1 2240 3493 1427 -114 -8 884
853 988 229 1241 2620 2342 310 -267 709 1142
881 806 466 1438 3064 2013 188 -313 876 699
633 -239 1085 1986 2634 648 101 524 505 473
595 203 313 22 531 2634 2584 839 -518 541
574 536 -180 735 2235 2021 345 -406 604 473
367 305 54 2258 3171 1077 -204 568 835 606
398 702 22 187 1189 2577 1625 220 166 666
361 490 298 -206 109 2552 2645 486 -591 186
487 459 51 -126 1896 2582 1222 -613 -363 513
136 674 -346 410 1754 2307 447 -336 -443 598
268 552 257 -758 442 1687 2132 -295 -707 -342
656 -492 774 1770 2593 128 -787 308 734 7
395 -202 229 -747 1707 2356 1335 -563 -62 78
335 -367 -634 38 2831 1824 -115 -1141 531 -74
-90 -414 -330 678 2473 884 -380 -1263 366 -44
-298 66 -733 259 1359 1865 -617 -1067 -960 149
252 -217 18 -809 381 1764 1605 -821 -936 -406
-163 -329 -720 1243 2045 320 -1043 -262 -290 167
-292 -286 -532 -772 -854 1419 1723 -63 -1254 -604
-83 -1019 198 1889 2044 -319 -642 -351 122 -180
-7 -791 -702 744 2535 502 -809 -1029 58 -339
-263 -554 -887 20 1764 1130 -589 -1163 -491 24
-244 -1045 226 1352 1353 -631 -1157 -309 245 -383
-534 -829 -1109 284 1055 324 -1002 -948 -458 -193
147 -185 -584 -582 786 1773 906 -1006 -1043 138
-36 -460 -605 -553 749 1828 281 -707 -735 31
-633 -532 990 2478 673 -702 -549 380 -126 -259
-496 -440 1324 2189 533 -588 -331 -51 169 79
-531 245 -498 -614 284 2204 1447 -70 -582 99
-490 -271 99 2127 1006 -676 -1104 219 -338 42
127 -836 74 2060 1266 -225 -1268 376 -97 22
200 -72 -663 -220 1810 1584 51 -1289 -129 -40
405 -169 -168 299 2177 2104 190 -874 175 553
-346 -173 -897 -483 943 2073 -135 -683 -1133 332
-164 -854 -157 1375 1133 -1177 -1157 -744 -151 -403
206 -523 -182 464 1581 -156 -1325 -998 644 -159
-152 -266 -258 509 2399 1017 -460 -1166 564 -390
-161 -561 -504 1119 2258 616 -417 -950 336 76
-172 -853 404 2094 1239 -507 -756 128 -412 -85
-285 -590 -638 564 2018 417 -629 -846 -25 -470
-285 -590 -638 564 2018 417 -629 -846 -25 -470
-294 -1236 -921 1156 1880 340 -647 -690 -381 -271
-557 2 -873 -481 1116 2006 205 -1313 -104 -100