2760 3063 2175 2427 3971 4909 3003 2435 1909 3112
2124 2649 1947 1929 2431 4171 3920 2453 1507 2068
1650 2040 1396 2313 3105 3967 1496 2132 1998 2426
1581 1895 1545 1147 2115 3813 2987 1866 927 1506
1373 1839 571 1223 2467 4238 1604 689 1008 1642
756 552 1239 3404 2065 710 -169 1154 1028 1217
1083 785 806 -1 2240 3493 1427 -114 -8 884
853 988 229 1241 2620 2342 310 -267 709 1142
881 806 466 1438 3064 2013 188 -313 876 699
633 -239 1085 1986 2634 648 101 524 505 473
595 203 313 22 531 2634 2584 839 -518 541
574 536 -180 735 2235 2021 345 -406 604 473
367 305 54 2258 3171 1077 -204 568 835 606
398 702 22 187 1189 2577 1625 220 166 666
361 490 298 -206 109 2552 2645 486 -591 186
487 459 51 -126 1896 2582 1222 -613 -363 513
136 674 -346 410 1754 2307 447 -336 -443 598
268 552 257 -758 442 1687 2132 -295 -707 -342
656 -492 774 1770 2593 128 -787 308 734 7
395 -202 229 -747 1707 2356 1335 -563 -62 78
335 -367 -634 38 2831 1824 -115 -1141 531 -74
-90 -414 -330 678 2473 884 -380 -1263 366 -44
-298 66 -733 259 1359 1865 -617 -1067 -960 149
252 -217 18 -809 381 1764 1605 -821 -936 -406
-163 -329 -720 1243 2045 320 -1043 -262 -290 167
-292 -286 -532 -772 -854 1419 1723 -63 -1254 -604
-83 -1019 198 1889 2044 -319 -642 -351 122 -180
-7 -791 -702 744 2535 502 -809 -1029 58 -339
-263 -554 -887 20 1764 1130 -589 -1163 -491 24
-244 -1045 226 1352 1353 -631 -1157 -309 245 -383
-534 -829 -1109 284 1055 324 -1002 -948 -458 -193
147 -185 -584 -582 786 1773 906 -1006 -1043 138
-36 -460 -605 -553 749 1828 281 -707 -735 31
-633 -532 990 2478 673 -702 -549 380 -126 -259
-496 -440 1324 2189 533 -588 -331 -51 169 79
-531 245 -498 -614 284 2204 1447 -70 -582 99
-490 -271 99 2127 1006 -676 -1104 219 -338 42
127 -836 74 2060 1266 -225 -1268 376 -97 22
200 -72 -663 -220 1810 1584 51 -1289 -129 -40
405 -169 -168 299 2177 2104 190 -874 175 553
-346 -173 -897 -483 943 2073 -135 -683 -1133 332
-164 -854 -157 1375 1133 -1177 -1157 -744 -151 -403
206 -523 -182 464 1581 -156 -1325 -998 644 -159
-152 -266 -258 509 2399 1017 -460 -1166 564 -390
-161 -561 -504 1119 2258 616 -417 -950 336 76
-172 -853 404 2094 1239 -507 -756 128 -412 -85
-285 -590 -638 564 2018 417 -629 -846 -25 -470
-285 -590 -638 564 2018 417 -629 -846 -25 -470
-294 -1236 -921 1156 1880 340 -647 -690 -381 -271
-557 2 -873 -481 1116 2006 205 -1313 -104 -100
-87 -438 -668 1041 2108 1094 -530 -552 184 19
-884 -3 1711 2006 355 -841 -150 -307 16 143
-70 -672 331 1584 1459 -493 -1112 -166 270 161
-183 -948 234 1528 1514 -47 -1028 -241 -87 265
-469 -491 -941 117 1780 1129 -366 -1106 134 307
0 -23 -940 -219 1773 1355 -822 -1469 26 -94
-354 -579 -768 -595 1317 1746 -280 -1146 -324 -153
-275 -174 -755 -224 1081 1668 37 -1254 -918 -102
-634 -192 309 -1073 -244 1593 1854 -196 -1732 -676
144 -884 -848 697 3043 1105 -1134 -1671 -120 -637
-629 -374 -1178 -97 1491 2125 -446 -1200 -616 -62
-35 -607 -996 -797 1386 2496 -183 -1413 -601 36
-460 -308 -846 818 2076 1157 -841 -879 -596 -311
-417 -265 -625 -837 475 2368 843 -715 -1371 276
133 -345 51 -733 171 2033 1935 -770 -975 -625
-219 -142 100 1250 1914 336 -845 -320 506 427
124 -39 162 -393 892 1962 1539 -361 -959 1
152 -137 -371 272 2030 1919 132 -781 151 354
-295 606 -65 -428 831 2620 1810 -69 -796 786
376 -348 -376 798 2488 1863 -103 -698 181 -91
322 -395 92 428 2163 1552 90 -702 311 -82
-203 572 -483 -412 -64 2074 1606 539 -869 215
-222 -865 1072 1761 1446 -541 -852 -133 561 57
215 -19 -15 -420 503 2433 963 -364 -1175 -100
177 -756 809 2339 1892 -576 -230 194 261 56
-1 -620 29 1526 2493 -148 -389 -114 299 -30
-766 387 -711 -164 1323 2776 55 -540 -590 368
247 -101 -444 -859 1725 2332 74 -826 -396 132
-138 -61 -446 -278 2044 1609 -361 -1043 -273 -214
-287 -404 -746 1366 1786 209 -1554 -618 -478 277
-301 -30 -596 -494 702 2373 1139 -391 -1037 220
-844 -651 141 2244 1203 -245 -1181 -139 -369 30
-22 -595 -536 493 2578 500 -473 -1125 199 -218
-830 -864 -691 1943 1725 121 -1417 -566 16 353
-736 -218 -1324 595 1378 1277 -309 -1004 -536 0
92 -1166 -413 772 2048 -373 -776 -971 -42 -458
-331 -111 -935 -315 149 2175 618 -141 -1502 -69
-556 -267 -553 -605 -737 1869 1587 -11 -1085 -2
-542 -312 -1008 478 1837 1616 -682 -572 -195 214
-187 -316 -955 1367 1763 532 -1046 -742 -96 252
-538 194 -586 -935 -189 1819 1564 -145 -1271 277
-104 97 -665 -712 3 1935 1210 -289 -1386 -164
38 -288 -739 -737 1336 1438 -19 -1321 -455 -373
-592 -329 -975 -198 729 1706 557 -806 -1325 112
-541 -257 -17 1052 916 504 -518 91 275 4
-825 440 842 1735 123 -419 -539 -4 -15 552
-385 -259 364 2745 111 -803 -1091 553 -294 -20
-628 -357 -784 -355 734 2294 220 -657 -1252 71
70 -852 -587 271 2079 480 -353 -1032 192 -432
-114 -1245 -931 351 2241 -330 -576 -1296 -92 -481
