0.229416 -0.141169 0.358831 0.358831 0.458831 0.358831 0.458831 -0.141169 0.158831 0.458831 
0.029416 -0.066029 0.162082 0.250957 -0.287364 -0.237890 -0.384311 -0.510758 -1.003530 0.047426 
0.329416 0.362082 0.112636 0.315689 -0.303530 -0.252574 -0.010758 -0.037890 0.450957 0.633971 
0.329416 0.750957 0.015689 -0.252574 -0.110758 0.312636 0.533971 0.262082 -0.337890 -0.203530 
0.329416 0.212636 -0.503530 -0.110758 0.050957 0.733971 -0.037890 -1.252574 -0.184311 1.062082 
0.329416 -0.437890 -0.552574 0.012636 0.333971 -0.284311 -0.503530 0.450957 -0.237918 -0.210758 
0.029416 0.115689 -0.210758 0.233971 -0.137890 -0.403530 0.562082 -0.087364 -0.752574 0.450957 
0.129416 -0.610758 -0.137890 -0.137918 -0.652574 0.250957 -0.087364 -0.003530 0.233971 -0.084311 
-0.070584 -0.203530 0.150957 -0.237890 -0.184311 0.562082 -0.452574 -0.266029 -0.510758 0.912636 
0.329416 0.047426 0.333971 -0.503530 0.162082 -0.210758 0.350957 -0.484311 -0.587364 0.062110 
