0.484798 0.333343 0.655000 0.547434 0.086609 0.729956 -0.454095 0.465031 -0.289151 0.445180 
-0.404180 0.103291 0.313298 0.480707 0.139656 -0.187464 -0.216269 -0.634611 -0.055394 -0.217178 
0.442954 0.342427 0.270638 -0.004724 -0.514923 -0.361837 -0.500291 -0.067536 0.299397 0.407141 
0.700883 0.784612 0.073901 0.080598 0.037127 0.002946 0.070141 0.002160 -0.445286 -0.855276 
0.349364 -0.236633 -0.310678 -0.221417 0.097572 0.341385 -0.170561 -0.732784 -0.026501 0.168397 
0.463935 0.158434 -0.474506 0.566775 0.169036 -0.079146 -0.331555 0.229081 0.220777 -0.532491 
0.289823 -0.397111 -0.297619 0.056999 -0.003750 -0.310339 0.667137 0.322268 -0.282437 0.141630 
0.078576 -0.348723 0.117239 0.374247 -0.494241 0.349508 0.218672 -0.033251 0.543126 -0.260423 
-0.074975 -0.404609 0.335377 -0.291171 0.102541 -0.159567 -0.281631 0.085313 -0.250982 0.039019 
-0.033727 -0.473689 0.398806 -0.248050 -0.040250 0.051638 0.424397 -0.185039 0.631888 0.073837 
