585.144939
583.574353
582.951958
577.026704
569.186564
567.894380
566.981644
566.425986
566.405319
566.347571
566.053433
565.546708
563.823784
563.706443
562.419636
561.797166
561.245245
561.222671
561.204066
561.188286
561.169070
560.980697
560.956633
560.599789
560.591212
560.047078
560.018885
559.696734
559.584186
559.532203
557.963845
557.944645
557.786807
557.757937
557.379853
556.872160
556.668571
556.642590
556.612094
556.595883
556.562207
556.527632
556.496528
555.168994
555.064811
554.899137
553.367010
552.400080
550.614285
548.630572
548.386174
547.538308
547.537050
547.511742
547.433520
538.587102
538.432652
538.079968
530.844712
529.464439
529.290546
529.172188
529.165498
508.164326
505.664355
504.575051
504.157308
501.591587
500.628973
499.828573
498.993748
498.758109
498.673632
498.517975
498.320217
497.622595
496.591653
495.730907
495.676343
495.626393
495.150248
494.680158
494.056536
493.976384
493.687743
493.100501
492.249505
492.026069
491.748360
491.691260
491.390823
491.320483
491.256734
490.026948
489.807418
489.339766
488.969691
488.043301
488.023931
487.903918
487.348026
487.281137
487.236234
486.805319
486.617711
486.149371
480.655020
480.380177
480.249676
477.181905
476.328150
475.843567
473.173740
472.854310
471.740469
471.167809
466.397641
465.542866
465.390384
460.385581
460.135673
459.969283
459.668725
459.499889
459.402909
459.387872
459.222917
459.140807
459.092279
459.044896
456.956890
456.937719
456.271419
455.386402
455.269927
455.201572
455.199772
455.153162
455.116002
455.039051
455.027719
455.012259
454.973728
454.934234
454.830900
454.776548
454.575409
454.426423
454.341741
454.294472
454.212882
454.197012
454.129543
454.109912
454.045191
453.999953
453.987883
452.076370
451.550721
451.457087
451.452715
451.445534
451.428003
451.145229
451.128057
451.100301
451.063681
451.054917
451.024123
451.003562
450.988407
450.853279
449.334664
442.213130
441.807085
441.724523
441.698768
441.597612
437.910787
437.767581
437.717369
436.919816
436.910752
436.874314
436.812344
436.805816
436.773932
436.739915
436.612527
436.523423
436.399184
435.323168
434.635078
434.476313
434.326815
433.897082
433.679213
431.011943
430.644637
430.285165
430.127912
429.828205
429.465173
429.206824
429.182995
429.174798
429.091704
428.929003
428.918053
428.880655
428.856516
428.774996
428.678353
428.632238
427.768219
427.251697
426.266548
426.262914
426.134256
425.815213
424.791597
416.462979
415.361763
415.111169
414.376777
414.105840
413.780748
413.482680
412.811222
406.274605
405.290308
404.191910
403.007903
402.399340
402.394351
402.028054
401.137137
401.134601
401.016387
401.001200
400.945044
400.899907
400.899482
400.812222
400.716289
400.635526
400.594434
400.328501
400.259017
400.229612
400.076224
399.656112
399.639716
399.495383
399.207213
398.989000
398.912953
398.892242
397.143694
396.712578
394.981626
392.566202
391.450216
391.368223
391.347148
391.335659
391.317994
390.879537
390.324692
389.840264
389.650512
389.455191
388.794191
388.277812
387.976508
387.900207
387.868093
386.775611
386.076714
386.048172
383.185308
382.981219
382.911105
382.703313
382.214092
382.194233
382.169749
382.104957
382.084919
381.783170
381.730168
381.727865
381.683238
381.642348
381.251232
374.082747
373.860483
371.887055
371.778432
371.378147
371.253115
369.935083
367.392509
367.271130
366.700860
366.660453
365.000183
364.279633
364.157090
364.029428
363.477170
363.238162
361.814219
361.196801
360.898581
360.845684
360.358745
359.465640
359.443958
358.929040
358.927580
358.835197
358.834955
358.652287
358.234236
358.215558
358.097202
358.092140
357.863917
357.761494
357.749766
357.738334
357.732088
356.453129
356.311323
354.384751
354.378955
354.345019
354.314348
354.309780
354.145843
354.106810
354.019584
353.821915
353.592704
353.404655
353.298724
353.286511
353.171016
352.508953
351.890419
350.832570
349.987002
349.870308
349.781100
348.794107
348.010219
347.903335
347.895844
347.881273
347.840141
347.798566
346.792698
346.494186
346.444620
346.371672
344.260021
341.743148
341.648915
339.386702
339.210324
339.201122
339.126579
338.981670
338.741315
338.720267
338.655602
338.425784
337.468432
336.891155
336.612303
336.452304
336.304683
335.809131
335.580128
335.511345
334.711459
334.675451
334.531617
334.053461
334.012556
333.961465
333.956290
333.903976
333.781912
333.610099
333.549514
333.345007
332.962482
332.890619
332.827657
332.469859
332.303169
332.237277
332.237185
331.955776
331.825791
331.714327
331.629491
331.557064
331.431894
331.393164
331.342618
331.293067
331.283486
331.253374
331.219530
331.209374
331.121744
331.069007
331.053610
331.032896
331.008397
331.002573
330.946794
330.926402
330.903245
330.895497
330.129898
329.719652
329.386597
329.239896
329.238356
329.124983
329.032514
328.905760
328.836882
328.538244
328.402159
327.973423
327.867385
327.535885
327.193305
327.053300
326.946364
326.867912
326.834692
325.877238
325.871049
325.484962
325.303171
325.266654
325.237594
325.150885
324.711004
324.696499
323.621499
323.534126
323.490864
323.353421
323.340346
323.037515
322.768777
322.060632
321.816040
321.787561
321.772933
321.614029
321.475129
320.398896
320.245417
320.241284
319.217707
319.164587
318.571265
318.494596
318.255991
318.224794
317.838463
316.976582
316.405689
316.375484
316.366737
316.311248
316.302570
316.180265
315.750367
315.731322
315.654908
315.619331
315.581955
315.549651
315.324339
315.197055
315.093026
314.967136
314.956078
314.822776
314.662973
313.744368
313.683173
313.680538
312.735478
312.531433
312.515020
312.510606
312.498042
312.483609
312.399657
312.052395
312.042296
312.033392
312.026995
312.012050
312.006733
311.807069
311.706579
311.292189
311.282849
311.249012
311.240585
311.118201
311.021560
310.045598
309.823270
309.435776
309.337634
309.160801
309.146943
309.087146
309.085966
309.080107
309.057816
308.838586
308.803895
308.716849
308.617420
308.560734
308.389439
308.362836
307.935636
307.826223
307.807622
307.775015
307.350460
306.928042
306.880224
306.582140
306.523546
306.065680
305.988391
305.845811
305.583800
305.529000
305.345124
305.156648
303.976494
303.963016
303.880528
303.803315
303.714438
303.601304
303.443563
303.249810
303.178999
302.952472
302.950497
302.657895
302.217203
302.123274
302.054755
301.945047
301.731738
301.499196
301.305446
301.121474
301.098860
301.083071
301.067296
301.003574
300.970919
300.563230
300.508126
300.453358
300.105511
299.852422
299.824199
299.715535
299.680744
299.608889
299.524859
299.394327
299.348857
299.345686
299.340886
299.259214
299.221346
299.194589
299.193479
299.098387
299.065017
299.006813
298.741135
298.735088
298.700570
298.627630
298.617465
298.611293
298.536076
298.252693
298.237207
298.228696
298.190128
298.181713
298.063480
297.998255
297.930184
297.890315
297.880769
297.778900
297.632109
297.263876
297.143250
296.815796
296.435952
296.298167
296.234331
296.220585
296.178568
296.129758
296.126879
295.377452
295.227352
295.222266
295.216834
295.104500
294.898483
294.804297
294.695263
294.103698
294.050528
294.007077
293.968647
293.903054
293.749787
293.720965
293.687369
293.620453
293.593538
293.494387
293.484337
293.387732
293.356164
293.319250
293.209072
293.111055
293.063882
292.984562
292.959572
292.897413
292.849010
292.814659
292.794766
292.679859
292.670479
292.608182
292.569365
292.564138
292.541571
292.541498
292.499585
292.499481
292.497548
292.386923
292.386856
292.361784
292.288384
292.223886
292.199880
292.044359
292.027160
291.968693
291.948885
291.938441
291.929943
291.919738
291.889339
291.888374
291.860342
291.857776
291.811752
