0.229416 0.158831 0.058831 0.058831 -0.041169 0.258831 -0.141169 0.358831 -0.141169 0.858831 
0.229416 -0.166029 0.062082 0.250957 0.112636 0.062110 -0.284311 -0.410758 -1.003530 -0.352574 
0.229416 0.262082 0.212636 0.015689 -0.303530 -0.852574 0.289242 0.062110 0.350957 0.933971 
0.329416 0.150957 0.215689 -0.552574 0.289242 -0.787364 0.933971 0.462082 0.162110 -0.103530 
0.429416 0.112636 -0.503530 -0.610758 -0.149043 0.333971 0.062110 -0.852574 0.015689 0.662082 
0.429416 -0.337890 -0.652574 0.412636 0.433971 -0.084311 0.196470 0.350957 0.262082 -0.310758 
0.229416 0.215689 -0.210758 0.633971 -0.737890 -0.503530 0.362082 -0.287364 0.247426 0.850957 
0.229416 -0.210758 0.362110 0.162082 -0.052574 -0.149043 0.412636 -0.703530 0.433971 0.115689 
0.229416 -0.203530 0.150957 -0.237890 -0.584311 0.162082 -0.852574 0.233971 -0.410758 0.112636 
0.229416 -0.452574 0.033971 0.096470 0.162082 -0.210758 0.150957 0.015689 -0.687364 0.562110 
