0.866560 0.756509 0.006856 0.549329 0.165003 0.665178 -0.018112 0.664249 0.544946 -0.804799 
0.741346 0.973259 0.441596 0.203494 0.106421 -0.188837 0.053314 -0.475304 -0.551558 -1.320584 
0.651731 0.224167 0.000611 0.195173 -0.478773 -0.406740 -0.306351 0.879481 0.157573 -0.229972 
0.415198 0.405612 -0.018374 -0.308432 -0.471182 0.257719 0.350702 0.219910 -0.307234 -0.223386 
0.284590 0.442046 1.105617 -0.497381 0.061468 0.397065 -1.137427 -0.010363 -0.767258 -0.061291 
0.951684 -0.273395 -1.333333 0.238984 0.029530 -0.207177 0.347210 0.406778 0.019021 -0.128602 
0.212385 -0.371797 -1.363249 0.795266 -0.046429 -0.384111 0.861852 0.166379 -0.248676 0.407067 
0.424651 -0.370714 -0.428915 0.375884 -0.353861 0.113261 0.195468 -0.277723 0.283436 0.084420 
-0.029692 -0.472170 0.389679 -0.272613 -0.007798 0.353162 -0.318501 0.454956 0.095347 -0.374622 
0.302134 -0.305469 0.391728 -0.343621 0.134297 -0.103492 -0.159581 -0.069769 -0.219450 0.496147 
