-0.070584 0.058831 0.058831 0.758831 -0.041169 1.058831 0.858831 -0.041169 0.458831 0.558831 
-0.070584 0.233971 0.662082 0.350957 0.012636 -0.237890 -0.184311 -0.610758 -0.103530 -0.252574 
0.029416 0.562082 -0.387364 0.215689 -0.003530 -0.252574 -0.210758 -0.237890 0.250957 0.933971 
0.129416 0.550957 0.215689 -0.252574 -0.610758 0.212636 0.333971 0.562082 -0.137890 -0.003530 
0.429416 0.412636 0.096470 0.089242 -0.049043 0.333971 -0.137890 -0.252574 -0.084311 0.862082 
0.529416 0.262110 0.047426 0.012636 0.133971 -0.384311 -0.403530 0.250957 0.062082 -0.010758 
0.029416 -0.384311 0.289242 0.033971 -0.037890 -0.703530 0.462082 0.312636 -0.352574 0.850957 
-0.170584 -0.810758 0.362110 0.462082 -0.352574 0.550957 0.212636 -0.503530 0.333971 0.215689 
-0.070584 0.096470 0.150957 -0.037890 -0.284311 0.262082 -0.652574 0.533971 -0.010758 0.312636 
-0.070584 0.247426 0.733971 -0.303530 0.162082 -0.610758 -0.149043 0.415689 -0.387364 0.362110 
