0.199416 -0.161169 0.018831 0.018831 -0.021169 0.178831 0.448831 -0.101169 0.158831 1.038831 
0.239416 0.023971 0.012082 0.230957 -0.087364 -0.207890 0.275689 -0.220758 -0.163530 -0.392574 
0.189416 0.602082 0.042636 -0.104311 -0.253530 0.147426 -0.030758 0.262110 -0.349043 0.663971 
0.199416 -0.169043 0.235689 -0.532574 -0.030758 -0.097364 -0.186029 0.862082 0.312110 -0.303530 
0.259416 -0.377364 0.146470 -0.480758 0.630957 0.543971 -0.067890 -0.282574 -0.414311 0.632082 
0.349416 0.162110 -0.642574 0.162636 0.503971 -0.234311 0.196470 0.450957 0.472082 -0.030758 
0.229416 -0.184311 -0.760758 0.213971 -0.097890 0.246470 0.542082 0.272636 -0.612574 0.590957 
0.219416 -0.200758 -0.007890 0.022082 -0.402574 0.020957 -0.167364 -0.323530 0.623971 -0.024311 
0.169416 0.076470 0.350957 -0.037890 -0.034311 0.802082 -0.052574 0.733971 -0.300758 0.782636 
0.229416 -0.402574 0.113971 0.036470 0.002082 -0.130758 0.000957 0.295689 0.152636 0.142110 
