-0.462164 1.297682 0.746688 0.024822 0.613979 0.438062 -0.054971 0.788059 0.114661 0.623429 
0.126594 0.351040 0.619836 0.024026 -0.130539 0.401399 -0.416777 -0.091127 0.116072 -1.054562 
0.481758 0.768941 -0.081399 0.005721 -0.087327 -0.301627 -0.807739 -0.491704 0.401740 0.380497 
-0.510290 0.170599 -0.193937 -1.332409 -0.460614 0.346725 -0.266029 -0.066319 0.749547 1.352525 
-0.005225 -0.016134 -0.283983 -0.366880 0.426429 0.647806 -0.510049 -0.678376 0.109162 0.184151 
-0.071756 0.311966 -0.884656 0.130713 0.136176 0.106161 0.194727 0.678536 1.117307 -1.630855 
1.495819 1.137438 -0.867349 0.890647 -0.338764 -0.107744 0.122683 -0.562771 0.130424 -1.678882 
-0.095824 -0.243321 -0.086033 0.320144 -0.375416 0.126773 0.123947 -0.399097 0.337286 0.370077 
0.591126 -0.210821 -0.466946 0.194812 -0.257431 0.409018 -0.356536 0.468018 0.207818 -0.654037 
0.337755 -0.748605 0.542080 -0.390381 0.006231 -0.031348 -0.064981 -0.153207 -0.270266 0.831207 
